# R script for Peak Model
#  -- generated by MACS
p <- c(0.0282266013713,0.0330616578215,0.0374385293712,0.0424785632768,0.0471809872558,0.0468795498213,0.0467951473396,0.046903664816,0.0471086422715,0.0472895047323,0.0472774472349,0.0474824246904,0.0479888395804,0.0478079771197,0.0478923796014,0.0477597471302,0.0479526670883,0.048133529549,0.0484349669836,0.0486399444391,0.048386736994,0.0484470244809,0.0481938170359,0.0479647245857,0.0477356321354,0.0479406095909,0.0479044370987,0.0476994596433,0.047470367193,0.0472533322401,0.0476632871511,0.0474583096956,0.0477597471302,0.0479164945961,0.0479526670883,0.04854348446,0.0486640594338,0.0491825318212,0.0491945893186,0.0492789918003,0.0486399444391,0.0483385070045,0.0484470244809,0.0489293243762,0.0491704743239,0.0488569793919,0.048796691905,0.0483746794966,0.0482299895281,0.0485917144495,0.0492910492977,0.0494116242715,0.0493151642924,0.0487846344076,0.0489172668788,0.0485675994548,0.0485796569521,0.0485314269626,0.0488931518841,0.0485917144495,0.0486881744286,0.0492548768055,0.0492428193082,0.0495563142401,0.0492910492977,0.0499300966589,0.050436511549,0.0507620639783,0.0507138339888,0.0503400515699,0.050689718994,0.050436511549,0.0504123965542,0.0506656039992,0.0510273289207,0.0511358463971,0.050436511549,0.0500386141354,0.0501350741144,0.0511479038945,0.0510393864181,0.05084646646,0.0512081913814,0.0514613988264,0.0515578588055,0.0512202488788,0.0515337438107,0.0517146062715,0.0511840763867,0.0510635014128,0.0510032139259,0.050942926439,0.0508585239573,0.0505450290254,0.0510393864181,0.0510755589102,0.0516181462924,0.0515940312976,0.0522210211615,0.0521848486694,0.0518110662505,0.0520642736955,0.0520883886903,0.0521366186798,0.0515699163029,0.0518954687322,0.0512323063762,0.0514855138212,0.0513649388474,0.0510876164076,0.0514493413291,0.051196133884,0.0510514439155,0.0512202488788,0.0514493413291,0.0513046513605,0.0517146062715,0.0523536536327,0.0527636085437,0.0529444710044,0.0527033210568,0.0532941384285,0.0531373909625,0.0533664834128,0.0532579659364,0.0532579659364,0.0532700234337,0.052582746083,0.0525224585961,0.0526309760725,0.0532941384285,0.0527394935489,0.0530650459783,0.0530168159887,0.0531132759678,0.0535352883762,0.0539693582819,0.0543672556955,0.0545601756536,0.0544034281877,0.0540899332557,0.0548495555908,0.0551027630358,0.0546084056431,0.0550665905437,0.0551509930253,0.0547048656222,0.0543672556955,0.0544516581772,0.0541863932348,0.0541743357374,0.0541381632453,0.0538849558002,0.0544275431824,0.0537040933395,0.053089160973,0.0529082985123,0.0531373909625,0.052835953528,0.0533182534233,0.0533182534233,0.053499115884,0.0536920358421,0.0538126108159,0.0548977855803,0.0553680279782,0.0561758803028,0.0560432478316,0.0563205702714,0.0569957901248,0.0573454575489,0.0570922501038,0.0572972275593,0.056212052795,0.0554765454547,0.0556091779259,0.0550424755489,0.0557176954023,0.0552836254965,0.0548736705856,0.0548374980934,0.0549942455594,0.0549098430777,0.055898557863,0.0564532027426,0.05646526024,0.0568631576536,0.0561999952976,0.0565376052243,0.0564411452452,0.0562482252871,0.0566943526902,0.0564893752347,0.0558623853709,0.0555127179468,0.0552956829939,0.0550424755489,0.0550424755489,0.0551027630358,0.0555247754442,0.0558262128787,0.0553318554861,0.0557900403866,0.056212052795,0.0561155928159,0.0563688002609,0.0571645950881,0.0574660325227,0.0576710099782,0.0574780900201,0.0568149276641,0.0570319626169,0.0571766525855,0.0574178025332,0.0578036424494,0.0575022050148,0.0571525375908,0.0573213425541,0.0572007675803,0.0573575150462,0.0585270922923,0.0585391497897,0.0583341723342,0.0585029772975,0.0587802997373,0.0591540821562,0.0594072896012,0.0598775319991,0.0602271994232,0.0607456718106,0.0603357168996,0.0602754294127,0.0605165793603,0.0603839468891,0.0600222219677,0.0603357168996,0.0597207845331,0.0598293020096,0.0598413595069,0.0596002095593,0.060191026931,0.0604924643656,0.0605889243446,0.0608783042818,0.0614811791509,0.0616379266169,0.0621443415069,0.0619755365436,0.0624457789415,0.0622769739781,0.0624096064493,0.0623131464703,0.061927306554,0.0619514215488,0.0613847191718,0.0613244316849,0.0613244316849,0.0617464440933,0.0615052941457,0.0619031915593,0.0609868217582,0.0611556267216,0.0619875940409,0.06208405402,0.0625422389205,0.0629160213394,0.063157171287,0.0632536312661,0.0630365963132,0.0625663539153,0.0631812862818,0.0639047361247,0.0639288511194,0.0641579435697,0.063820333643,0.0636394711823,0.0637721036535,0.0633862637373,0.0639288511194,0.0644352660095,0.0646040709728,0.064796990931,0.0643146910357,0.0647849334336,0.0652551758315,0.0658580507006,0.0661474306377,0.066882937978,0.0670517429414,0.066882937978,0.0672205479047,0.0671240879257,0.067956055245,0.0681248602084,0.0688483100513,0.0687518500723,0.0689447700304,0.0692100349728,0.0698008523445,0.0714286144911,0.0735145615382,0.0763239584282,0.079410677758,0.0823285921244,0.0857770363757,0.0896233780405,0.0937711571399,0.0980153962184,0.101439725475,0.105382527119,0.108228096501,0.110193468574,0.112315588113,0.113834832784,0.114799432574,0.11596900982,0.116186044773,0.116511597202,0.11725916204,0.116933609611,0.116173987276,0.116005182312,0.115076755014,0.115571112407,0.115956952323,0.115474652428,0.116053412302,0.116222217265,0.116125757286,0.116005182312,0.116366907234,0.117247104543,0.118537256763,0.118368451799,0.118464911778,0.118718119223,0.118489026773,0.118923096679,0.119465684061,0.120671433799,0.120948756239,0.120466456344,0.120213248899,0.120466456344,0.120888468752,0.120984928731,0.120876411255,0.120261478888,0.120237363893,0.119827408982,0.119634489024,0.119779178993,0.120008271443,0.120309708878,0.120285593883,0.119960041454,0.12135871115,0.122154505977,0.122395655925,0.122516230899,0.123553175674,0.123529060679,0.123215565747,0.123034703286,0.122986473297,0.124035475569,0.123637578155,0.123468773192,0.124131935548,0.124107820553,0.124541890459,0.125518547747,0.126266112584,0.126760469977,0.126507262532,0.126483147537,0.126483147537,0.126784584972,0.126579607516,0.127170424888,0.127387459841,0.127893874731,0.127303057359,0.127073964909,0.127411574836,0.128122967181,0.128520864595,0.128472634605,0.12826765715,0.128617324574,0.128605267077,0.127568322302,0.128641439569,0.12978690182,0.130775616605,0.130703271621,0.130582696647,0.130679156626,0.13135437648,0.1307997316,0.130932364071,0.131245859003,0.131089111537,0.130727386616,0.130401834187,0.130715329118,0.130546524155,0.130932364071,0.130642984134,0.13158346893,0.131438778961,0.131800503883,0.132077826323,0.131752273893,0.132126056312,0.132101941317,0.1326445287,0.132945966134,0.133970853412,0.134368750825,0.135562443066,0.136478812867,0.136285892909,0.136840537788,0.137093745234,0.137539872637,0.138178919998,0.138335667464,0.138673277391,0.138203034993,0.138094517516,0.138046287527,0.138552702417,0.138371839956,0.13793777005,0.138311552469,0.138323609966,0.139107347296,0.138395954951,0.138480357432,0.138070402521,0.138142747506,0.138203034993,0.13872150738,0.138432127443,0.137793080082,0.137998057537,0.137612217621,0.137744850092,0.13793777005,0.137901597558,0.137973942542,0.138347724961,0.138600932406,0.139565532197,0.140710994448,0.140554246982,0.140506016993,0.141723824228,0.142073491652,0.143508333841,0.143701253799,0.144653796092,0.145268728459,0.146353903223,0.145666625872,0.14618509826,0.147089410563,0.147065295568,0.147282330521,0.147414962993,0.148234872815,0.148114297841,0.148343390291,0.148463965265,0.149090955129,0.14950091004,0.149151242616,0.149392392563,0.14995909494,0.149199472605,0.148451907767,0.148054010354,0.148958322657,0.149464737547,0.150356992354,0.151466282113,0.152527341883,0.152635859359,0.153286964218,0.154757978898,0.15691627093,0.157446800814,0.15737445583,0.15686804094,0.156928328427,0.157555318291,0.157314168343,0.157784410741,0.158471688092,0.15815819316,0.157820583233,0.159556862856,0.160521462647,0.161269027484,0.162076879809,0.161546349924,0.162474777223,0.163885504416,0.163511721998,0.16478981672,0.165308289107,