# R script for Peak Model
#  -- generated by MACS
p <- c(0.0281901580314,0.0330814821753,0.0377256383438,0.0428381127814,0.0482627993985,0.0488742149165,0.0490563386878,0.049108374051,0.0493165155039,0.0494856304344,0.0498368691363,0.0493295243447,0.0490043033245,0.0489262502797,0.0486140381003,0.0486400557819,0.0492644801407,0.0495246569569,0.0492124447775,0.0490043033245,0.0498238602955,0.0503572227686,0.0505783730623,0.0497718249322,0.0499409398627,0.0499019133403,0.0492124447775,0.0492774889815,0.0493555420264,0.0487831530308,0.0480676667863,0.0477294369253,0.0482497905577,0.0487571353492,0.0484839496922,0.0490043033245,0.0493035066631,0.049173418255,0.0494075773896,0.049446603912,0.0494596127528,0.0496417365241,0.0497458072506,0.0500710282708,0.0498238602955,0.0494205862304,0.0492124447775,0.0489132414389,0.0486790823043,0.0492514712999,0.0492254536183,0.0493685508672,0.0490563386878,0.0488742149165,0.0490563386878,0.0486270469411,0.0486660734635,0.0492124447775,0.0493165155039,0.0493425331856,0.0495897011609,0.0500840371116,0.0502401432013,0.0498368691363,0.0501620901565,0.0504222669726,0.0503442139278,0.0500970459524,0.0501620901565,0.0503051874054,0.0502011166789,0.0496157188425,0.0500710282708,0.0507214703112,0.0507865145153,0.0504482846543,0.0509816471274,0.051072709013,0.0514239477149,0.0512548327844,0.0513198769884,0.0513198769884,0.0508515587193,0.0508775764009,0.0507214703112,0.0514109388741,0.0514889919189,0.0517621775759,0.0515670449638,0.052022354392,0.0518532394615,0.0517621775759,0.0520613809145,0.0522044781634,0.0520353632329,0.0519963367104,0.0523215577306,0.0521784604817,0.0519833278696,0.0518012040983,0.052022354392,0.0523345665714,0.0523735930939,0.0524126196163,0.0527768671589,0.0533232384729,0.0530630616567,0.0528549202038,0.0528289025222,0.0524126196163,0.0524776638203,0.0525036815019,0.0521914693226,0.0520093455512,0.0517361598943,0.0510336824906,0.0509035940825,0.05134589467,0.0514499653965,0.0515930626454,0.0514239477149,0.0514629742373,0.0517491687351,0.0520743897553,0.0520873985961,0.0524776638203,0.0527248317957,0.0524776638203,0.0533882826769,0.0535053622442,0.0538045655828,0.0546501402353,0.0542728838519,0.0537265125379,0.0540127070357,0.0539476628317,0.0538305832644,0.0537004948563,0.0528939467262,0.0526207610692,0.052971999771,0.0523866019347,0.0531020881791,0.05392164515,0.0534663357218,0.0531281058607,0.0531150970199,0.0535704064482,0.0542078396478,0.0549363347331,0.0539346539909,0.0540777512397,0.0541427954438,0.0541427954438,0.0549363347331,0.0557428828632,0.0561331480874,0.0558599624305,0.0553135911165,0.0547932374842,0.0554306706838,0.0554696972062,0.0553265999573,0.0553396087981,0.0554566883654,0.0553396087981,0.0548452728474,0.0546241225537,0.0554046530022,0.0555347414103,0.0556648298183,0.0557298740224,0.055820935908,0.0556518209775,0.0552485469125,0.0550924408228,0.0557038563408,0.0561721746099,0.056029077361,0.0563412895404,0.0559380154753,0.0555477502511,0.0561851834507,0.0564583691076,0.0571608465113,0.0575641205763,0.057316952601,0.0577332355069,0.0572128818745,0.0569266873767,0.057381996805,0.0576031470988,0.0572128818745,0.0578893415965,0.0572388995561,0.0571478376705,0.0570958023072,0.0570177492624,0.0575381028947,0.0578633239149,0.0582015537759,0.0586308455226,0.0586438543634,0.0576942089844,0.0580064211638,0.0584877482737,0.0586828808859,0.058539783637,0.058604827841,0.0590211107469,0.0587088985675,0.05826659798,0.0581885449351,0.0583836775473,0.058539783637,0.0586438543634,0.0587219074083,0.0590991637917,0.0593983671303,0.0591902256774,0.0595804909016,0.0600227914891,0.0601268622156,0.0604260655542,0.0604000478725,0.0597365969913,0.0594504024935,0.0598146500362,0.0600488091707,0.0602699594645,0.0602179241012,0.0607642954152,0.0611545606394,0.0608943838232,0.060777304256,0.0617139407942,0.0616749142717,0.0609464191865,0.0610244722313,0.0612586313659,0.0613496932515,0.0613757109332,0.0612326136843,0.0609854457089,0.061518808182,0.0614147374556,0.0621822590633,0.0623773916754,0.0623773916754,0.0623253563121,0.0626505773324,0.0622342944265,0.0626245596507,0.0636132315522,0.0636652669154,0.06341809894,0.0633270370544,0.0638864172091,0.0640165056172,0.0639384525724,0.063964470254,0.0646279211352,0.064367744319,0.0638603995275,0.0631058867606,0.0632099574871,0.0628977453077,0.0627286303772,0.0630928779198,0.0635091608257,0.0635481873481,0.0632359751687,0.0636002227114,0.0640555321396,0.0648490714289,0.0647450007025,0.065525531151,0.0664621676892,0.0660198671017,0.0659027875344,0.0662930527587,0.0667483621869,0.0669695124807,0.067151636252,0.0676719898843,0.0681923435167,0.0686216352633,0.0686996883082,0.0688948209203,0.0692590684629,0.0693371215078,0.0699615458666,0.0702477403644,0.0711843769025,0.0712364122658,0.0718088012613,0.0716787128533,0.0714965890819,0.0723551725753,0.0737211008601,0.0756854358222,0.0771814525151,0.0794059642933,0.0812662285289,0.084245253074,0.0873933925496,0.0917643630611,0.0956930329852,0.0989582520281,0.101143737284,0.102873913111,0.104682141984,0.105670813885,0.106958689125,0.107804263778,0.107986387549,0.108467714659,0.108376652773,0.10880594452,0.10897505945,0.109365324675,0.110275943531,0.110796297164,0.112110190085,0.112591517195,0.112903729374,0.112903729374,0.113124879668,0.11332001228,0.114503816794,0.11524532072,0.114386737227,0.114256648819,0.113619215619,0.11395744548,0.114386737227,0.114035498525,0.11412656041,0.114777002451,0.114803020132,0.115115232312,0.116220983781,0.116832399299,0.116247001462,0.115908771601,0.116455142915,0.117118593796,0.117599920906,0.117001514229,0.116728328572,0.116832399299,0.116910452343,0.117131602637,0.118393460196,0.119173990644,0.118731690057,0.118744698897,0.1184585044,0.118965849191,0.119473193983,0.118887796146,0.11926505253,0.119564255868,0.11895284035,0.118653637012,0.119147972962,0.119304079052,0.120032574137,0.119811423844,0.119538238187,0.119954521093,0.119603282391,0.120474874725,0.120956201835,0.12152859083,0.121151334447,0.120917175312,0.121008237198,0.120865139949,0.121606643875,0.121814785328,0.122270094756,0.12152859083,0.121229387492,0.121138325606,0.121931864895,0.121996909099,0.121710714602,0.122257085916,0.121736732283,0.121892838373,0.121658679238,0.122868501434,0.123518943474,0.1236230142,0.124182394355,0.124000270584,0.124754783351,0.125314163506,0.126458941497,0.12666708295,0.127239471945,0.127031330492,0.127148410059,0.127707790214,0.127629737169,0.128137081961,0.128384249936,0.128072037757,0.127928940508,0.127772834418,0.127564692965,0.127512657602,0.127707790214,0.12796796703,0.127213454264,0.127512657602,0.127408586876,0.128006993553,0.127694781373,0.128319205732,0.128488320663,0.128475311822,0.128878585887,0.129620089813,0.13053070867,0.130894956212,0.130973009257,0.131558407093,0.13198769884,0.132638140881,0.133405662488,0.134043095688,0.134680528887,0.133262565239,0.134056104529,0.134771590773,0.135565130062,0.135721236152,0.13569521847,0.135018758748,0.134862652659,0.134173184096,0.133665839304,0.135291944405,0.134706546569,0.133991060325,0.134290263663,0.134472387435,0.135356988609,0.13616353674,0.136527784282,0.13746442082,0.13842707504,0.137828668363,0.138401057359,0.139832029847,0.138960437513,0.138921410991,0.138895393309,0.139740967962,0.140625569137,0.140469463047,0.140313356957,0.141406099585,0.141835391332,0.141614241038,0.143123266572,0.143292381502,0.143500522955,0.14309724889,0.142251674238,0.142902116278,0.143344416866,0.142498842213,0.142693974825,0.142759019029,0.14244680685,0.143006187005,0.143045213527,0.144033885429,0.145217689942,0.145386804873,0.146284414888,0.147403175198,0.148469900144,0.148547953189,0.148691050438,0.148860165368,0.148977244936,0.148860165368,0.149185386389,0.149796801907,0.149237421752,0.150317155539,0.150434235106,0.151396889326,0.152229455138,0.152021313685,0.153504321537,0.153790516035,0.153569365741,0.15403768401,0.154206798941,0.153582374582,0.154063701692,0.153933613284,0.154050692851,0.155026355911,0.155559718385,0.15580688636,0.156743522898,